beijing   0.0,1.0,0.111111111111,0.142857142857   ham   0.111111111111
beijing   0.0,1.0,0.111111111111,0.142857142857   spam  0.142857142857
chinese   1.0,5.0,0.222222222222,0.428571428571   ham   0.222222222222
chinese   1.0,5.0,0.222222222222,0.428571428571   spam  0.428571428571
tokyo     1.0,0.0,0.222222222222,0.0714285714286  ham   0.222222222222
tokyo     1.0,0.0,0.222222222222,0.0714285714286  spam  0.0714285714286
shanghai  0.0,1.0,0.111111111111,0.142857142857   ham   0.111111111111
shanghai  0.0,1.0,0.111111111111,0.142857142857   spam  0.142857142857
japan     1.0,0.0,0.222222222222,0.0714285714286  ham   0.222222222222
japan     1.0,0.0,0.222222222222,0.0714285714286  spam  0.0714285714286
macao     0.0,1.0,0.111111111111,0.142857142857   ham   0.111111111111
macao     0.0,1.0,0.111111111111,0.142857142857   spam  0.142857142857
